No	TMNo	EnNo	Name GMNo	Mode	DateTime
1	1	6	 1	0	2018/10/08 07:14:47
2	1	7	 1	0	2018/10/08 07:16:51
3	1	38	 1	0	2018/10/08 07:28:00
4	1	39	 1	0	2018/10/08 07:40:29
5	1	35	 1	0	2018/10/08 07:40:35
6	1	2	 1	0	2018/10/08 07:41:57
7	1	12	 1	0	2018/10/08 07:47:33
8	1	3	 1	0	2018/10/08 07:47:43
9	1	23	 1	0	2018/10/08 07:49:27
10	1	55	 1	0	2018/10/08 07:54:40
11	1	22	 1	0	2018/10/08 07:55:50
12	1	17	 1	0	2018/10/08 08:03:20
13	1	51	 1	0	2018/10/08 08:08:11
14	1	49	 1	0	2018/10/08 08:13:48
15	1	18	 1	0	2018/10/08 08:15:17
16	1	14	 1	0	2018/10/08 08:16:35
17	1	28	 1	0	2018/10/08 08:20:46
18	1	31	 1	0	2018/10/08 08:23:20
19	1	27	 1	0	2018/10/08 08:29:45
20	1	41	 1	0	2018/10/08 08:31:50
21	1	19	 1	0	2018/10/08 08:31:58
22	1	30	 1	0	2018/10/08 08:35:12
23	1	21	 1	0	2018/10/08 08:38:48
24	1	16	 1	0	2018/10/08 08:40:50
25	1	34	 1	0	2018/10/08 08:44:13
26	1	33	 1	0	2018/10/08 08:52:11
27	1	29	 1	0	2018/10/08 08:54:44
28	1	25	 1	0	2018/10/08 08:56:08
29	1	26	 1	0	2018/10/08 08:58:37
30	1	13	 1	0	2018/10/08 09:14:18
31	1	53	 1	0	2018/10/08 09:22:54
32	1	15	 1	0	2018/10/08 09:26:38
33	1	37	 1	0	2018/10/08 09:30:27
34	1	40	 1	0	2018/10/08 09:31:33
35	1	36	 1	0	2018/10/08 09:40:22
36	1	24	 1	0	2018/10/08 09:42:07
37	1	9	 1	0	2018/10/08 09:47:00
38	1	7	 1	0	2018/10/08 12:11:07
39	1	4	 1	0	2018/10/08 14:19:43
40	1	30	 1	0	2018/10/08 15:42:29
41	1	31	 1	0	2018/10/08 16:19:37
42	1	26	 1	0	2018/10/08 16:34:40
43	1	4	 1	0	2018/10/08 16:38:20
44	1	15	 1	0	2018/10/08 16:45:01
45	1	37	 1	0	2018/10/08 16:46:00
46	1	53	 1	0	2018/10/08 16:46:17
47	1	16	 1	0	2018/10/08 16:50:42
48	1	33	 1	0	2018/10/08 16:53:08
49	1	40	 1	0	2018/10/08 16:53:58
50	1	21	 1	0	2018/10/08 16:57:13
51	1	40	 1	0	2018/10/08 17:07:59
52	1	29	 1	0	2018/10/08 17:22:11
53	1	18	 1	0	2018/10/08 17:26:06
54	1	22	 1	0	2018/10/08 17:28:46
55	1	23	 1	0	2018/10/08 17:30:05
56	1	49	 1	0	2018/10/08 17:32:02
57	1	34	 1	0	2018/10/08 17:34:52
58	1	39	 1	0	2018/10/08 17:38:54
59	1	55	 1	0	2018/10/08 17:39:14
60	1	6	 1	0	2018/10/08 17:41:14
61	1	51	 1	0	2018/10/08 17:47:48
62	1	9	 1	0	2018/10/08 17:57:11
63	1	35	 1	0	2018/10/08 18:05:12
64	1	2	 1	0	2018/10/08 18:16:52
65	1	12	 1	0	2018/10/08 18:18:42
66	1	38	 1	0	2018/10/08 18:42:49
67	1	6	 1	0	2018/10/09 07:09:58
68	1	7	 1	0	2018/10/09 07:13:29
69	1	39	 1	0	2018/10/09 07:40:54
70	1	55	 1	0	2018/10/09 07:41:43
71	1	2	 1	0	2018/10/09 07:42:15
72	1	35	 1	0	2018/10/09 07:43:06
73	1	30	 1	0	2018/10/09 07:45:12
74	1	38	 1	0	2018/10/09 07:47:58
75	1	22	 1	0	2018/10/09 07:53:28
76	1	12	 1	0	2018/10/09 07:54:52
77	1	4	 1	0	2018/10/09 07:55:30
78	1	23	 1	0	2018/10/09 07:57:43
79	1	34	 1	0	2018/10/09 07:58:52
80	1	17	 1	0	2018/10/09 08:00:34
81	1	49	 1	0	2018/10/09 08:05:04
82	1	21	 1	0	2018/10/09 08:07:48
83	1	51	 1	0	2018/10/09 08:10:53
84	1	18	 1	0	2018/10/09 08:14:38
85	1	19	 1	0	2018/10/09 08:19:47
86	1	31	 1	0	2018/10/09 08:20:04
87	1	27	 1	0	2018/10/09 08:28:52
88	1	26	 1	0	2018/10/09 08:42:47
89	1	14	 1	0	2018/10/09 08:51:15
90	1	13	 1	0	2018/10/09 08:56:55
91	1	16	 1	0	2018/10/09 08:59:19
92	1	15	 1	0	2018/10/09 09:02:46
93	1	32	 1	0	2018/10/09 09:05:44
94	1	28	 1	0	2018/10/09 09:07:56
95	1	33	 1	0	2018/10/09 09:11:54
96	1	37	 1	0	2018/10/09 09:14:59
97	1	29	 1	0	2018/10/09 09:17:37
98	1	40	 1	0	2018/10/09 09:24:18
99	1	36	 1	0	2018/10/09 09:30:43
100	1	24	 1	0	2018/10/09 09:31:46
101	1	9	 1	0	2018/10/09 10:02:42
102	1	4	 1	0	2018/10/09 10:05:06
103	1	7	 1	0	2018/10/09 12:00:05
104	1	28	 1	0	2018/10/09 12:16:15
105	1	32	 1	0	2018/10/09 15:54:51
106	1	31	 1	0	2018/10/09 16:16:18
107	1	23	 1	0	2018/10/09 16:21:17
108	1	9	 1	0	2018/10/09 16:25:51
109	1	26	 1	0	2018/10/09 16:35:15
110	1	37	 1	0	2018/10/09 16:37:15
111	1	17	 1	0	2018/10/09 16:42:25
112	1	15	 1	0	2018/10/09 16:44:59
113	1	16	 1	0	2018/10/09 16:51:00
114	1	53	 1	0	2018/10/09 16:52:45
115	1	18	 1	0	2018/10/09 16:57:05
116	1	21	 1	0	2018/10/09 16:59:09
117	1	40	 1	0	2018/10/09 16:59:16
118	1	33	 1	0	2018/10/09 17:02:19
119	1	55	 1	0	2018/10/09 17:10:05
120	1	6	 1	0	2018/10/09 17:10:46
121	1	22	 1	0	2018/10/09 17:19:28
122	1	51	 1	0	2018/10/09 17:23:27
123	1	30	 1	0	2018/10/09 17:23:59
124	1	24	 1	0	2018/10/09 17:24:24
125	1	36	 1	0	2018/10/09 17:24:29
126	1	2	 1	0	2018/10/09 17:31:24
127	1	29	 1	0	2018/10/09 17:45:26
128	1	34	 1	0	2018/10/09 17:46:01
129	1	35	 1	0	2018/10/09 17:55:14
130	1	39	 1	0	2018/10/09 17:55:22
131	1	49	 1	0	2018/10/09 18:09:26
132	1	12	 1	0	2018/10/09 18:09:45
133	1	3	 1	0	2018/10/09 18:26:43
134	1	38	 1	0	2018/10/09 18:34:29
135	1	7	 1	0	2018/10/11 07:12:43
136	1	6	 1	0	2018/10/11 07:20:03
137	1	12	 1	0	2018/10/11 07:41:35
138	1	38	 1	0	2018/10/11 07:41:53
139	1	22	 1	0	2018/10/11 07:42:19
140	1	35	 1	0	2018/10/11 07:43:56
141	1	39	 1	0	2018/10/11 07:43:58
142	1	23	 1	0	2018/10/11 07:46:03
143	1	4	 1	0	2018/10/11 07:57:26
144	1	55	 1	0	2018/10/11 07:57:40
145	1	34	 1	0	2018/10/11 08:08:24
146	1	17	 1	0	2018/10/11 08:09:51
147	1	10	 1	0	2018/10/11 08:12:35
148	1	51	 1	0	2018/10/11 08:13:10
149	1	49	 1	0	2018/10/11 08:13:23
150	1	20	 1	0	2018/10/11 08:24:30
151	1	31	 1	0	2018/10/11 08:24:47
152	1	30	 1	0	2018/10/11 08:26:17
153	1	27	 1	0	2018/10/11 08:33:48
154	1	14	 1	0	2018/10/11 08:37:32
155	1	21	 1	0	2018/10/11 08:39:20
156	1	29	 1	0	2018/10/11 08:57:24
157	1	16	 1	0	2018/10/11 08:57:31
158	1	26	 1	0	2018/10/11 09:03:06
159	1	33	 1	0	2018/10/11 09:04:18
160	1	37	 1	0	2018/10/11 09:05:46
161	1	15	 1	0	2018/10/11 09:16:52
162	1	36	 1	0	2018/10/11 09:20:16
163	1	25	 1	0	2018/10/11 09:20:38
164	1	53	 1	0	2018/10/11 09:28:51
165	1	40	 1	0	2018/10/11 09:34:07
166	1	4	 1	0	2018/10/11 10:01:08
167	1	9	 1	0	2018/10/11 10:54:06
168	1	7	 1	0	2018/10/11 12:11:22
169	1	2	 1	0	2018/10/11 13:08:03
170	1	17	 1	0	2018/10/11 16:06:59
171	1	31	 1	0	2018/10/11 16:16:34
172	1	2	 1	0	2018/10/11 16:17:32
173	1	20	 1	0	2018/10/11 16:19:39
174	1	26	 1	0	2018/10/11 16:31:20
175	1	30	 1	0	2018/10/11 16:45:41
176	1	33	 1	0	2018/10/11 16:46:30
177	1	15	 1	0	2018/10/11 16:49:18
178	1	16	 1	0	2018/10/11 16:50:31
179	1	53	 1	0	2018/10/11 16:51:32
180	1	37	 1	0	2018/10/11 16:54:12
181	1	55	 1	0	2018/10/11 16:55:27
182	1	40	 1	0	2018/10/11 16:56:05
183	1	21	 1	0	2018/10/11 16:58:19
184	1	24	 1	0	2018/10/11 17:04:25
185	1	36	 1	0	2018/10/11 17:04:28
186	1	41	 1	0	2018/10/11 17:10:46
187	1	9	 1	0	2018/10/11 17:17:47
188	1	10	 1	0	2018/10/11 17:22:46
189	1	6	 1	0	2018/10/11 17:26:11
190	1	23	 1	0	2018/10/11 17:28:33
191	1	22	 1	0	2018/10/11 17:29:13
192	1	34	 1	0	2018/10/11 17:37:59
193	1	39	 1	0	2018/10/11 17:38:35
194	1	29	 1	0	2018/10/11 17:39:15
195	1	22	 1	0	2018/10/11 17:42:00
196	1	35	 1	0	2018/10/11 17:44:36
197	1	51	 1	0	2018/10/11 17:49:45
198	1	2	 1	0	2018/10/11 17:57:05
199	1	12	 1	0	2018/10/11 17:57:38
200	1	38	 1	0	2018/10/11 18:16:48
201	1	49	 1	0	2018/10/11 18:17:04
202	1	38	 1	0	2018/10/11 18:22:20
203	1	6	 1	0	2018/10/12 07:21:52
204	1	7	 1	0	2018/10/12 07:33:05
205	1	38	 1	0	2018/10/12 07:33:27
206	1	35	 1	0	2018/10/12 07:43:36
207	1	2	 1	0	2018/10/12 07:44:47
208	1	39	 1	0	2018/10/12 07:45:53
209	1	23	 1	0	2018/10/12 07:49:53
210	1	55	 1	0	2018/10/12 07:56:59
211	1	34	 1	0	2018/10/12 08:00:30
212	1	22	 1	0	2018/10/12 08:01:58
213	1	12	 1	0	2018/10/12 08:03:43
214	1	17	 1	0	2018/10/12 08:06:19
215	1	49	 1	0	2018/10/12 08:07:02
216	1	51	 1	0	2018/10/12 08:08:49
217	1	32	 1	0	2018/10/12 08:11:06
218	1	28	 1	0	2018/10/12 08:11:43
219	1	10	 1	0	2018/10/12 08:14:41
220	1	18	 1	0	2018/10/12 08:16:44
221	1	30	 1	0	2018/10/12 08:25:13
222	1	20	 1	0	2018/10/12 08:29:48
223	1	31	 1	0	2018/10/12 08:43:13
224	1	21	 1	0	2018/10/12 08:45:13
225	1	25	 1	0	2018/10/12 08:47:33
226	1	26	 1	0	2018/10/12 08:49:08
227	1	36	 1	0	2018/10/12 08:52:12
228	1	24	 1	0	2018/10/12 08:52:44
229	1	33	 1	0	2018/10/12 08:53:07
230	1	27	 1	0	2018/10/12 08:53:38
231	1	14	 1	0	2018/10/12 08:56:17
232	1	16	 1	0	2018/10/12 09:07:10
233	1	15	 1	0	2018/10/12 09:08:17
234	1	37	 1	0	2018/10/12 09:14:25
235	1	29	 1	0	2018/10/12 09:15:11
236	1	40	 1	0	2018/10/12 09:31:28
237	1	53	 1	0	2018/10/12 10:05:15
238	1	9	 1	0	2018/10/12 11:17:02
239	1	7	 1	0	2018/10/12 12:29:24
240	1	2	 1	0	2018/10/12 16:03:21
241	1	31	 1	0	2018/10/12 16:22:18
242	1	53	 1	0	2018/10/12 16:40:38
243	1	20	 1	0	2018/10/12 16:42:32
244	1	26	 1	0	2018/10/12 16:43:53
245	1	15	 1	0	2018/10/12 16:44:47
246	1	17	 1	0	2018/10/12 16:44:54
247	1	55	 1	0	2018/10/12 16:46:03
248	1	2	 1	0	2018/10/12 16:49:41
249	1	30	 1	0	2018/10/12 16:53:34
250	1	21	 1	0	2018/10/12 16:54:16
251	1	33	 1	0	2018/10/12 16:57:12
252	1	40	 1	0	2018/10/12 17:03:35
253	1	37	 1	0	2018/10/12 17:11:35
254	1	39	 1	0	2018/10/12 17:18:00
255	1	22	 1	0	2018/10/12 17:19:23
256	1	51	 1	0	2018/10/12 17:23:32
257	1	23	 1	0	2018/10/12 17:28:39
258	1	29	 1	0	2018/10/12 17:37:09
259	1	18	 1	0	2018/10/12 17:41:56
260	1	6	 1	0	2018/10/12 17:43:54
261	1	19	 1	0	2018/10/12 17:44:27
262	1	36	 1	0	2018/10/12 17:44:28
263	1	41	 1	0	2018/10/12 17:44:33
264	1	34	 1	0	2018/10/12 17:48:10
265	1	9	 1	0	2018/10/12 17:58:32
266	1	12	 1	0	2018/10/12 18:04:54
267	1	10	 1	0	2018/10/12 18:07:09
268	1	2	 1	0	2018/10/12 18:22:00
269	1	38	 1	0	2018/10/12 19:30:44
270	1	2	 1	0	2018/10/13 08:22:04
271	1	6	 1	0	2018/10/13 08:22:12
272	1	7	 1	0	2018/10/15 07:20:32
273	1	38	 1	0	2018/10/15 07:37:27
274	1	39	 1	0	2018/10/15 07:43:55
275	1	23	 1	0	2018/10/15 07:44:16
276	1	2	 1	0	2018/10/15 07:45:06
277	1	6	 1	0	2018/10/15 07:49:37
278	1	17	 1	0	2018/10/15 07:56:25
279	1	12	 1	0	2018/10/15 07:57:19
280	1	55	 1	0	2018/10/15 07:57:48
281	1	49	 1	0	2018/10/15 08:03:08
282	1	51	 1	0	2018/10/15 08:10:49
283	1	10	 1	0	2018/10/15 08:14:38
284	1	22	 1	0	2018/10/15 08:18:58
285	1	34	 1	0	2018/10/15 08:26:18
286	1	26	 1	0	2018/10/15 08:26:32
287	1	30	 1	0	2018/10/15 08:29:18
288	1	31	 1	0	2018/10/15 08:31:12
289	1	41	 1	0	2018/10/15 08:31:59
290	1	20	 1	0	2018/10/15 08:32:34
291	1	14	 1	0	2018/10/15 08:39:26
292	1	21	 1	0	2018/10/15 08:43:22
293	1	18	 1	0	2018/10/15 08:45:31
294	1	16	 1	0	2018/10/15 08:52:53
295	1	25	 1	0	2018/10/15 08:54:16
296	1	33	 1	0	2018/10/15 08:57:04
297	1	52	 1	0	2018/10/15 09:02:44
298	1	13	 1	0	2018/10/15 09:02:56
299	1	37	 1	0	2018/10/15 09:03:51
300	1	36	 1	0	2018/10/15 09:14:19
301	1	24	 1	0	2018/10/15 09:14:57
302	1	40	 1	0	2018/10/15 09:19:02
303	1	27	 1	0	2018/10/15 09:20:46
304	1	15	 1	0	2018/10/15 09:34:18
305	1	53	 1	0	2018/10/15 09:35:36
306	1	9	 1	0	2018/10/15 11:01:43
307	1	7	 1	0	2018/10/15 12:04:34
308	1	38	 1	0	2018/10/15 12:11:58
309	1	4	 1	0	2018/10/15 14:14:01
310	1	17	 1	0	2018/10/15 15:59:01
311	1	31	 1	0	2018/10/15 16:14:01
312	1	20	 1	0	2018/10/15 16:30:21
313	1	4	 1	0	2018/10/15 16:35:30
314	1	26	 1	0	2018/10/15 16:38:42
315	1	15	 1	0	2018/10/15 16:46:08
316	1	40	 1	0	2018/10/15 16:46:38
317	1	22	 1	0	2018/10/15 16:46:53
318	1	16	 1	0	2018/10/15 16:47:12
319	1	37	 1	0	2018/10/15 16:54:44
320	1	21	 1	0	2018/10/15 16:54:47
321	1	53	 1	0	2018/10/15 16:55:54
322	1	33	 1	0	2018/10/15 16:58:52
323	1	18	 1	0	2018/10/15 17:01:45
324	1	30	 1	0	2018/10/15 17:10:55
325	1	22	 1	0	2018/10/15 17:12:22
326	1	25	 1	0	2018/10/15 17:16:12
327	1	55	 1	0	2018/10/15 17:19:57
328	1	2	 1	0	2018/10/15 17:21:36
329	1	10	 1	0	2018/10/15 17:24:46
330	1	13	 1	0	2018/10/15 17:28:28
331	1	52	 1	0	2018/10/15 17:28:34
332	1	23	 1	0	2018/10/15 17:29:17
333	1	39	 1	0	2018/10/15 17:35:36
334	1	34	 1	0	2018/10/15 17:38:12
335	1	51	 1	0	2018/10/15 17:51:27
336	1	6	 1	0	2018/10/15 17:55:43
337	1	9	 1	0	2018/10/15 17:58:50
338	1	12	 1	0	2018/10/15 18:00:19
339	1	49	 1	0	2018/10/15 18:04:55
340	1	9	 1	0	2018/10/16 07:13:14
341	1	35	 1	0	2018/10/16 07:33:31
342	1	22	 1	0	2018/10/16 07:39:12
343	1	39	 1	0	2018/10/16 07:46:04
344	1	23	 1	0	2018/10/16 07:47:10
345	1	2	 1	0	2018/10/16 07:47:49
346	1	6	 1	0	2018/10/16 07:49:36
347	1	30	 1	0	2018/10/16 07:54:09
348	1	12	 1	0	2018/10/16 07:54:35
349	1	17	 1	0	2018/10/16 08:00:49
350	1	4	 1	0	2018/10/16 08:03:35
351	1	49	 1	0	2018/10/16 08:11:11
352	1	55	 1	0	2018/10/16 08:11:31
353	1	51	 1	0	2018/10/16 08:14:06
354	1	32	 1	0	2018/10/16 08:15:55
355	1	28	 1	0	2018/10/16 08:16:17
356	1	34	 1	0	2018/10/16 08:17:57
357	1	20	 1	0	2018/10/16 08:20:21
358	1	21	 1	0	2018/10/16 08:22:20
359	1	27	 1	0	2018/10/16 08:27:14
360	1	31	 1	0	2018/10/16 08:31:35
361	1	19	 1	0	2018/10/16 08:35:14
362	1	41	 1	0	2018/10/16 08:35:17
363	1	14	 1	0	2018/10/16 08:46:21
364	1	13	 1	0	2018/10/16 08:49:55
365	1	52	 1	0	2018/10/16 08:49:58
366	1	18	 1	0	2018/10/16 08:57:07
367	1	25	 1	0	2018/10/16 08:57:09
368	1	37	 1	0	2018/10/16 08:57:40
369	1	29	 1	0	2018/10/16 09:03:35
370	1	43	 1	0	2018/10/16 09:04:19
371	1	33	 1	0	2018/10/16 09:04:42
372	1	26	 1	0	2018/10/16 09:05:14
373	1	40	 1	0	2018/10/16 09:10:15
374	1	36	 1	0	2018/10/16 09:11:31
375	1	24	 1	0	2018/10/16 09:11:51
376	1	16	 1	0	2018/10/16 09:13:58
377	1	53	 1	0	2018/10/16 09:43:12
378	1	4	 1	0	2018/10/16 10:05:48
379	1	10	 1	0	2018/10/16 11:24:21
380	1	41	 1	0	2018/10/16 16:10:09
381	1	19	 1	0	2018/10/16 16:10:13
382	1	31	 1	0	2018/10/16 16:12:17
383	1	22	 1	0	2018/10/16 16:14:51
384	1	17	 1	0	2018/10/16 16:16:12
385	1	20	 1	0	2018/10/16 16:17:06
386	1	40	 1	0	2018/10/16 16:21:27
387	1	26	 1	0	2018/10/16 16:31:04
388	1	16	 1	0	2018/10/16 16:35:11
389	1	37	 1	0	2018/10/16 16:41:11
390	1	15	 1	0	2018/10/16 16:47:56
391	1	53	 1	0	2018/10/16 16:49:05
392	1	9	 1	0	2018/10/16 16:55:42
393	1	33	 1	0	2018/10/16 17:04:08
394	1	55	 1	0	2018/10/16 17:08:47
395	1	18	 1	0	2018/10/16 17:19:16
396	1	51	 1	0	2018/10/16 17:20:04
397	1	30	 1	0	2018/10/16 17:20:43
398	1	39	 1	0	2018/10/16 17:21:00
399	1	21	 1	0	2018/10/16 17:22:12
400	1	36	 1	0	2018/10/16 17:23:40
401	1	24	 1	0	2018/10/16 17:23:45
402	1	29	 1	0	2018/10/16 17:27:32
403	1	23	 1	0	2018/10/16 17:28:32
404	1	35	 1	0	2018/10/16 17:32:22
405	1	34	 1	0	2018/10/16 17:40:26
406	1	2	 1	0	2018/10/16 17:42:53
407	1	6	 1	0	2018/10/16 17:49:44
408	1	10	 1	0	2018/10/16 17:53:05
409	1	12	 1	0	2018/10/16 17:54:18
410	1	49	 1	0	2018/10/16 18:10:49
411	1	38	 1	0	2018/10/17 07:05:22
412	1	7	 1	0	2018/10/17 07:19:44
413	1	35	 1	0	2018/10/17 07:37:45
414	1	23	 1	0	2018/10/17 07:39:00
415	1	39	 1	0	2018/10/17 07:39:06
416	1	2	 1	0	2018/10/17 07:40:47
417	1	6	 1	0	2018/10/17 07:44:09
418	1	55	 1	0	2018/10/17 07:46:18
419	1	49	 1	0	2018/10/17 08:04:46
420	1	30	 1	0	2018/10/17 08:05:18
421	1	12	 1	0	2018/10/17 08:07:44
422	1	51	 1	0	2018/10/17 08:08:05
423	1	20	 1	0	2018/10/17 08:10:09
424	1	18	 1	0	2018/10/17 08:14:26
425	1	21	 1	0	2018/10/17 08:20:03
426	1	34	 1	0	2018/10/17 08:21:16
427	1	10	 1	0	2018/10/17 08:21:32
428	1	31	 1	0	2018/10/17 08:22:15
429	1	27	 1	0	2018/10/17 08:23:09
430	1	33	 1	0	2018/10/17 08:24:08
431	1	26	 1	0	2018/10/17 08:32:10
432	1	52	 1	0	2018/10/17 08:37:27
433	1	13	 1	0	2018/10/17 08:37:44
434	1	32	 1	0	2018/10/17 08:42:11
435	1	28	 1	0	2018/10/17 08:42:30
436	1	41	 1	0	2018/10/17 08:44:10
437	1	43	 1	0	2018/10/17 08:52:23
438	1	14	 1	0	2018/10/17 08:58:26
439	1	24	 1	0	2018/10/17 09:01:20
440	1	37	 1	0	2018/10/17 09:07:10
441	1	29	 1	0	2018/10/17 09:11:02
442	1	25	 1	0	2018/10/17 09:15:57
443	1	40	 1	0	2018/10/17 09:19:06
444	1	16	 1	0	2018/10/17 09:20:40
445	1	15	 1	0	2018/10/17 09:21:28
446	1	53	 1	0	2018/10/17 09:42:56
447	1	9	 1	0	2018/10/17 11:23:53
448	1	7	 1	0	2018/10/17 12:04:04
449	1	4	 1	0	2018/10/17 14:20:55
450	1	31	 1	0	2018/10/17 16:19:15
451	1	37	 1	0	2018/10/17 16:28:44
452	1	40	 1	0	2018/10/17 16:30:47
453	1	4	 1	0	2018/10/17 16:36:30
454	1	26	 1	0	2018/10/17 16:38:00
455	1	53	 1	0	2018/10/17 16:42:51
456	1	15	 1	0	2018/10/17 16:43:39
457	1	20	 1	0	2018/10/17 16:44:59
458	1	16	 1	0	2018/10/17 16:52:35
459	1	21	 1	0	2018/10/17 16:54:43
460	1	33	 1	0	2018/10/17 17:00:18
461	1	10	 1	0	2018/10/17 17:05:39
462	1	55	 1	0	2018/10/17 17:14:56
463	1	30	 1	0	2018/10/17 17:17:03
464	1	18	 1	0	2018/10/17 17:26:43
465	1	23	 1	0	2018/10/17 17:26:51
466	1	35	 1	0	2018/10/17 17:33:18
467	1	36	 1	0	2018/10/17 17:33:51
468	1	24	 1	0	2018/10/17 17:33:57
469	1	34	 1	0	2018/10/17 17:46:07
470	1	51	 1	0	2018/10/17 17:46:52
471	1	39	 1	0	2018/10/17 17:48:07
472	1	12	 1	0	2018/10/17 17:52:29
473	1	6	 1	0	2018/10/17 17:53:06
474	1	9	 1	0	2018/10/17 17:57:25
475	1	49	 1	0	2018/10/17 17:59:36
476	1	2	 1	0	2018/10/17 18:05:11
477	1	38	 1	0	2018/10/17 18:16:42
478	1	7	 1	0	2018/10/18 07:19:09
479	1	39	 1	0	2018/10/18 07:33:21
480	1	35	 1	0	2018/10/18 07:34:47
481	1	38	 1	0	2018/10/18 07:39:37
482	1	23	 1	0	2018/10/18 07:40:57
483	1	30	 1	0	2018/10/18 07:47:04
484	1	55	 1	0	2018/10/18 07:47:53
485	1	2	 1	0	2018/10/18 07:48:07
486	1	6	 1	0	2018/10/18 07:49:31
487	1	12	 1	0	2018/10/18 08:02:38
488	1	17	 1	0	2018/10/18 08:05:26
489	1	20	 1	0	2018/10/18 08:07:22
490	1	49	 1	0	2018/10/18 08:07:47
491	1	51	 1	0	2018/10/18 08:08:53
492	1	4	 1	0	2018/10/18 08:09:23
493	1	32	 1	0	2018/10/18 08:10:50
494	1	28	 1	0	2018/10/18 08:12:37
495	1	18	 1	0	2018/10/18 08:18:01
496	1	41	 1	0	2018/10/18 08:21:01
497	1	19	 1	0	2018/10/18 08:21:04
498	1	31	 1	0	2018/10/18 08:22:11
499	1	14	 1	0	2018/10/18 08:24:35
500	1	21	 1	0	2018/10/18 08:28:18
501	1	27	 1	0	2018/10/18 08:29:43
502	1	13	 1	0	2018/10/18 08:32:08
503	1	36	 1	0	2018/10/18 08:47:50
504	1	24	 1	0	2018/10/18 08:48:40
505	1	26	 1	0	2018/10/18 08:52:35
506	1	25	 1	0	2018/10/18 08:56:08
507	1	16	 1	0	2018/10/18 09:01:31
508	1	53	 1	0	2018/10/18 09:05:27
509	1	15	 1	0	2018/10/18 09:06:28
510	1	40	 1	0	2018/10/18 09:07:41
511	1	37	 1	0	2018/10/18 09:09:36
512	1	29	 1	0	2018/10/18 09:27:20
513	1	43	 1	0	2018/10/18 09:49:30
514	1	4	 1	0	2018/10/18 10:00:56
515	1	10	 1	0	2018/10/18 10:02:06
516	1	9	 1	0	2018/10/18 11:00:02
517	1	7	 1	0	2018/10/18 12:09:45
518	1	10	 1	0	2018/10/18 13:09:11
519	1	2	 1	0	2018/10/18 13:10:50
520	1	2	 1	0	2018/10/18 16:11:47
521	1	43	 1	0	2018/10/18 16:12:21
522	1	20	 1	0	2018/10/18 16:25:29
523	1	33	 1	0	2018/10/18 16:30:36
524	1	37	 1	0	2018/10/18 16:32:21
525	1	17	 1	0	2018/10/18 16:32:52
526	1	26	 1	0	2018/10/18 16:40:55
527	1	31	 1	0	2018/10/18 16:42:23
528	1	15	 1	0	2018/10/18 16:45:59
529	1	16	 1	0	2018/10/18 16:52:57
530	1	21	 1	0	2018/10/18 16:55:25
531	1	40	 1	0	2018/10/18 16:57:12
532	1	19	 1	0	2018/10/18 16:58:08
533	1	41	 1	0	2018/10/18 16:58:19
534	1	53	 1	0	2018/10/18 16:59:57
535	1	55	 1	0	2018/10/18 17:00:49
536	1	49	 1	0	2018/10/18 17:09:55
537	1	35	 1	0	2018/10/18 17:16:38
538	1	18	 1	0	2018/10/18 17:20:51
539	1	34	 1	0	2018/10/18 17:23:52
540	1	30	 1	0	2018/10/18 17:26:33
541	1	23	 1	0	2018/10/18 17:28:22
542	1	51	 1	0	2018/10/18 17:36:34
543	1	39	 1	0	2018/10/18 17:36:55
544	1	29	 1	0	2018/10/18 17:39:12
545	1	29	 1	0	2018/10/18 17:44:13
546	1	40	 1	0	2018/10/18 17:44:20
547	1	36	 1	0	2018/10/18 17:49:45
548	1	24	 1	0	2018/10/18 17:50:03
549	1	12	 1	0	2018/10/18 17:54:20
550	1	9	 1	0	2018/10/18 18:03:02
551	1	6	 1	0	2018/10/18 18:06:17
552	1	2	 1	0	2018/10/18 18:08:19
553	1	38	 1	0	2018/10/18 18:35:31
554	1	7	 1	0	2018/10/19 07:09:58
555	1	35	 1	0	2018/10/19 07:37:24
556	1	38	 1	0	2018/10/19 07:39:45
557	1	23	 1	0	2018/10/19 07:42:12
558	1	12	 1	0	2018/10/19 07:45:52
559	1	6	 1	0	2018/10/19 07:49:32
560	1	2	 1	0	2018/10/19 07:50:45
561	1	30	 1	0	2018/10/19 08:00:10
562	1	17	 1	0	2018/10/19 08:00:21
563	1	13	 1	0	2018/10/19 08:05:05
564	1	34	 1	0	2018/10/19 08:05:36
565	1	49	 1	0	2018/10/19 08:06:45
566	1	26	 1	0	2018/10/19 08:09:43
567	1	51	 1	0	2018/10/19 08:13:12
568	1	55	 1	0	2018/10/19 08:13:37
569	1	20	 1	0	2018/10/19 08:17:58
570	1	19	 1	0	2018/10/19 08:22:28
571	1	41	 1	0	2018/10/19 08:23:35
572	1	31	 1	0	2018/10/19 08:25:01
573	1	27	 1	0	2018/10/19 08:30:08
574	1	32	 1	0	2018/10/19 08:36:33
575	1	28	 1	0	2018/10/19 08:37:40
576	1	16	 1	0	2018/10/19 08:44:21
577	1	33	 1	0	2018/10/19 08:45:38
578	1	21	 1	0	2018/10/19 08:52:46
579	1	15	 1	0	2018/10/19 08:54:30
580	1	25	 1	0	2018/10/19 08:54:46
581	1	53	 1	0	2018/10/19 08:56:39
582	1	33	 1	0	2018/10/19 08:58:50
583	1	43	 1	0	2018/10/19 09:03:49
584	1	29	 1	0	2018/10/19 09:04:22
585	1	36	 1	0	2018/10/19 09:06:31
586	1	24	 1	0	2018/10/19 09:06:36
587	1	40	 1	0	2018/10/19 09:12:18
588	1	37	 1	0	2018/10/19 09:20:53
589	1	9	 1	0	2018/10/19 11:22:55
590	1	7	 1	0	2018/10/19 12:15:08
591	1	40	 1	0	2018/10/19 14:31:26
592	1	37	 1	0	2018/10/19 15:56:54
593	1	2	 1	0	2018/10/19 16:05:02
594	1	20	 1	0	2018/10/19 16:18:58
595	1	15	 1	0	2018/10/19 16:36:05
596	1	17	 1	0	2018/10/19 16:40:31
597	1	26	 1	0	2018/10/19 16:40:47
598	1	21	 1	0	2018/10/19 16:51:50
599	1	53	 1	0	2018/10/19 16:55:02
600	1	2	 1	0	2018/10/19 16:56:53
601	1	33	 1	0	2018/10/19 16:59:01
602	1	43	 1	0	2018/10/19 17:01:50
603	1	55	 1	0	2018/10/19 17:08:17
604	1	30	 1	0	2018/10/19 17:17:44
605	1	14	 1	0	2018/10/19 17:18:13
606	1	51	 1	0	2018/10/19 17:21:05
607	1	38	 1	0	2018/10/19 17:30:01
608	1	23	 1	0	2018/10/19 17:35:53
609	1	18	 1	0	2018/10/19 17:39:12
610	1	29	 1	0	2018/10/19 17:44:59
611	1	35	 1	0	2018/10/19 17:48:03
612	1	39	 1	0	2018/10/19 17:48:15
613	1	6	 1	0	2018/10/19 17:57:28
614	1	2	 1	0	2018/10/19 18:01:13
615	1	49	 1	0	2018/10/19 18:02:45
616	1	9	 1	0	2018/10/19 18:03:05
617	1	12	 1	0	2018/10/19 18:18:43
618	1	6	 1	0	2018/10/22 07:22:45
619	1	7	 1	0	2018/10/22 07:28:39
620	1	38	 1	0	2018/10/22 07:34:31
621	1	30	 1	0	2018/10/22 07:35:31
622	1	35	 1	0	2018/10/22 07:40:50
623	1	39	 1	0	2018/10/22 07:40:52
624	1	2	 1	0	2018/10/22 07:42:11
625	1	23	 1	0	2018/10/22 07:44:40
626	1	12	 1	0	2018/10/22 07:52:15
627	1	17	 1	0	2018/10/22 08:03:08
628	1	22	 1	0	2018/10/22 08:06:03
629	1	18	 1	0	2018/10/22 08:08:12
630	1	49	 1	0	2018/10/22 08:08:49
631	1	51	 1	0	2018/10/22 08:09:44
632	1	55	 1	0	2018/10/22 08:10:21
633	1	22	 1	0	2018/10/22 08:12:08
634	1	20	 1	0	2018/10/22 08:25:29
635	1	27	 1	0	2018/10/22 08:30:39
636	1	41	 1	0	2018/10/22 08:36:00
637	1	14	 1	0	2018/10/22 08:36:35
638	1	31	 1	0	2018/10/22 08:37:14
639	1	34	 1	0	2018/10/22 08:43:52
640	1	43	 1	0	2018/10/22 08:46:10
641	1	13	 1	0	2018/10/22 08:48:37
642	1	52	 1	0	2018/10/22 08:50:54
643	1	21	 1	0	2018/10/22 08:51:49
644	1	25	 1	0	2018/10/22 08:53:58
645	1	16	 1	0	2018/10/22 08:55:03
646	1	33	 1	0	2018/10/22 08:55:20
647	1	26	 1	0	2018/10/22 08:56:42
648	1	24	 1	0	2018/10/22 09:10:57
649	1	36	 1	0	2018/10/22 09:11:29
650	1	29	 1	0	2018/10/22 09:12:24
651	1	37	 1	0	2018/10/22 09:13:26
652	1	15	 1	0	2018/10/22 09:14:56
653	1	53	 1	0	2018/10/22 09:23:36
654	1	10	 1	0	2018/10/22 09:50:41
655	1	9	 1	0	2018/10/22 10:21:44
656	1	7	 1	0	2018/10/22 12:05:22
657	1	10	 1	0	2018/10/22 13:04:26
658	1	38	 1	0	2018/10/22 13:34:35
659	1	4	 1	0	2018/10/22 14:16:51
660	1	17	 1	0	2018/10/22 15:57:20
661	1	31	 1	0	2018/10/22 16:22:15
662	1	37	 1	0	2018/10/22 16:23:54
663	1	43	 1	0	2018/10/22 16:25:52
664	1	18	 1	0	2018/10/22 16:27:12
665	1	20	 1	0	2018/10/22 16:32:58
666	1	26	 1	0	2018/10/22 16:36:39
667	1	4	 1	0	2018/10/22 16:37:33
668	1	16	 1	0	2018/10/22 16:42:57
669	1	21	 1	0	2018/10/22 16:46:32
670	1	15	 1	0	2018/10/22 16:47:08
671	1	53	 1	0	2018/10/22 16:50:28
672	1	33	 1	0	2018/10/22 16:56:09
673	1	55	 1	0	2018/10/22 17:06:25
674	1	19	 1	0	2018/10/22 17:07:35
675	1	41	 1	0	2018/10/22 17:09:38
676	1	34	 1	0	2018/10/22 17:15:06
677	1	29	 1	0	2018/10/22 17:15:20
678	1	22	 1	0	2018/10/22 17:16:50
679	1	30	 1	0	2018/10/22 17:20:15
680	1	23	 1	0	2018/10/22 17:24:09
681	1	49	 1	0	2018/10/22 17:36:46
682	1	39	 1	0	2018/10/22 17:44:58
683	1	51	 1	0	2018/10/22 17:45:25
684	1	6	 1	0	2018/10/22 17:45:40
685	1	2	 1	0	2018/10/22 17:47:27
686	1	12	 1	0	2018/10/22 17:53:15
687	1	9	 1	0	2018/10/22 17:53:36
688	1	35	 1	0	2018/10/22 18:00:36
689	1	7	 1	0	2018/10/23 07:20:27
690	1	6	 1	0	2018/10/23 07:32:02
691	1	2	 1	0	2018/10/23 07:35:36
692	1	38	 1	0	2018/10/23 07:35:57
693	1	35	 1	0	2018/10/23 07:38:31
694	1	23	 1	0	2018/10/23 07:42:30
695	1	39	 1	0	2018/10/23 07:44:49
696	1	22	 1	0	2018/10/23 07:47:46
697	1	17	 1	0	2018/10/23 08:00:44
698	1	4	 1	0	2018/10/23 08:01:25
699	1	55	 1	0	2018/10/23 08:06:08
700	1	12	 1	0	2018/10/23 08:07:06
701	1	20	 1	0	2018/10/23 08:08:11
702	1	49	 1	0	2018/10/23 08:08:13
703	1	51	 1	0	2018/10/23 08:11:03
704	1	18	 1	0	2018/10/23 08:16:04
705	1	30	 1	0	2018/10/23 08:17:15
706	1	28	 1	0	2018/10/23 08:18:30
707	1	32	 1	0	2018/10/23 08:19:48
708	1	27	 1	0	2018/10/23 08:25:21
709	1	14	 1	0	2018/10/23 08:26:44
710	1	31	 1	0	2018/10/23 08:29:47
711	1	34	 1	0	2018/10/23 08:30:44
712	1	19	 1	6	2018/10/23 08:32:40
713	1	41	 1	6	2018/10/23 08:33:40
714	1	25	 1	6	2018/10/23 08:52:32
715	1	21	 1	6	2018/10/23 08:54:43
716	1	36	 1	6	2018/10/23 08:55:40
717	1	24	 1	6	2018/10/23 08:57:40
718	1	33	 1	6	2018/10/23 08:59:50
719	1	43	 1	6	2018/10/23 09:01:10
720	1	15	 1	6	2018/10/23 09:02:55
721	1	26	 1	6	2018/10/23 09:03:19
722	1	53	 1	6	2018/10/23 09:05:18
723	1	40	 1	6	2018/10/23 09:06:45
724	1	16	 1	6	2018/10/23 09:08:01
725	1	52	 1	6	2018/10/23 09:09:42
726	1	13	 1	6	2018/10/23 09:09:58
727	1	29	 1	6	2018/10/23 09:15:52
728	1	10	 1	6	2018/10/23 09:54:46
729	1	4	 1	6	2018/10/23 10:05:32
730	1	37	 1	6	2018/10/23 11:07:04
731	1	9	 1	6	2018/10/23 11:26:55
732	1	7	 1	6	2018/10/23 12:16:07
733	1	10	 1	6	2018/10/23 13:11:50
734	1	38	 1	6	2018/10/23 13:32:10
735	1	41	 1	6	2018/10/23 16:05:08
736	1	19	 1	6	2018/10/23 16:05:17
737	1	40	 1	6	2018/10/23 16:14:52
738	1	37	 1	6	2018/10/23 16:18:24
739	1	31	 1	6	2018/10/23 16:24:36
740	1	20	 1	6	2018/10/23 16:25:50
741	1	43	 1	6	2018/10/23 16:28:54
742	1	16	 1	6	2018/10/23 16:36:01
743	1	15	 1	6	2018/10/23 16:45:36
744	1	21	 1	6	2018/10/23 16:47:42
745	1	26	 1	6	2018/10/23 16:48:30
746	1	53	 1	6	2018/10/23 16:50:01
747	1	30	 1	6	2018/10/23 17:01:56
748	1	33	 1	6	2018/10/23 17:04:39
749	1	55	 1	6	2018/10/23 17:05:10
750	1	22	 1	6	2018/10/23 17:17:57
751	1	51	 1	6	2018/10/23 17:23:04
752	1	30	 1	6	2018/10/23 17:23:32
753	1	23	 1	6	2018/10/23 17:26:30
754	1	18	 1	6	2018/10/23 17:27:30
755	1	52	 1	6	2018/10/23 17:27:48
756	1	2	 1	6	2018/10/23 17:29:01
757	1	34	 1	6	2018/10/23 17:42:25
758	1	39	 1	6	2018/10/23 17:45:51
759	1	12	 1	6	2018/10/23 17:51:29
760	1	29	 1	6	2018/10/23 17:55:27
761	1	6	 1	6	2018/10/23 17:57:22
762	1	35	 1	6	2018/10/23 17:57:27
763	1	49	 1	6	2018/10/23 18:00:49
764	1	9	 1	6	2018/10/23 18:00:58
765	1	6	 1	6	2018/10/24 07:21:26
766	1	7	 1	6	2018/10/24 07:21:43
767	1	30	 1	6	2018/10/24 07:35:59
768	1	38	 1	6	2018/10/24 07:36:03
769	1	23	 1	6	2018/10/24 07:40:20
770	1	39	 1	6	2018/10/24 07:44:03
771	1	35	 1	6	2018/10/24 07:44:06
772	1	2	 1	6	2018/10/24 07:46:54
773	1	17	 1	6	2018/10/24 07:51:16
774	1	12	 1	6	2018/10/24 07:56:07
775	1	55	 1	6	2018/10/24 07:58:19
776	1	22	 1	6	2018/10/24 08:01:42
777	1	32	 1	6	2018/10/24 08:04:25
778	1	28	 1	6	2018/10/24 08:05:33
779	1	51	 1	6	2018/10/24 08:08:43
780	1	18	 1	6	2018/10/24 08:09:47
781	1	49	 1	6	2018/10/24 08:15:12
782	1	19	 1	6	2018/10/24 08:24:28
783	1	41	 1	6	2018/10/24 08:25:28
784	1	31	 1	0	2018/10/24 08:28:49
785	1	27	 1	0	2018/10/24 08:33:15
786	1	36	 1	0	2018/10/24 08:34:13
787	1	21	 1	0	2018/10/24 08:36:23
788	1	52	 1	0	2018/10/24 08:38:20
789	1	34	 1	0	2018/10/24 08:39:35
790	1	25	 1	0	2018/10/24 08:40:33
791	1	26	 1	0	2018/10/24 08:42:35
792	1	43	 1	0	2018/10/24 09:00:17
793	1	16	 1	0	2018/10/24 09:02:27
794	1	33	 1	0	2018/10/24 09:07:13
795	1	53	 1	0	2018/10/24 09:10:33
796	1	29	 1	0	2018/10/24 09:11:33
797	1	15	 1	0	2018/10/24 09:13:33
798	1	40	 1	0	2018/10/24 09:14:14
799	1	37	 1	0	2018/10/24 09:30:59
800	1	10	 1	0	2018/10/24 09:52:46
801	1	9	 1	0	2018/10/24 10:35:40
802	1	49	 1	0	2018/10/24 10:55:43
803	1	49	 1	0	2018/10/24 11:43:00
804	1	7	 1	6	2018/10/24 12:13:57
805	1	10	 1	6	2018/10/24 13:03:57
806	1	28	 1	6	2018/10/24 13:11:00
807	1	38	 1	6	2018/10/24 13:54:48
808	1	4	 1	6	2018/10/24 14:16:43
809	1	2	 1	6	2018/10/24 15:53:38
810	1	37	 1	6	2018/10/24 16:00:08
811	1	17	 1	6	2018/10/24 16:06:52
812	1	31	 1	6	2018/10/24 16:24:41
813	1	21	 1	6	2018/10/24 16:34:31
814	1	16	 1	6	2018/10/24 16:34:38
815	1	4	 1	6	2018/10/24 16:39:42
816	1	26	 1	6	2018/10/24 16:41:07
817	1	2	 1	6	2018/10/24 16:42:03
818	1	40	 1	6	2018/10/24 16:44:20
819	1	15	 1	6	2018/10/24 16:46:50
820	1	53	 1	6	2018/10/24 16:49:34
821	1	33	 1	6	2018/10/24 16:56:23
822	1	55	 1	6	2018/10/24 17:06:13
823	1	18	 1	6	2018/10/24 17:17:42
824	1	29	 1	6	2018/10/24 17:18:00
825	1	22	 1	6	2018/10/24 17:18:37
826	1	24	 1	6	2018/10/24 17:19:35
827	1	36	 1	6	2018/10/24 17:20:12
828	1	23	 1	6	2018/10/24 17:28:32
829	1	34	 1	6	2018/10/24 17:38:19
830	1	19	 1	6	2018/10/24 17:39:45
831	1	41	 1	6	2018/10/24 17:40:00
832	1	6	 1	6	2018/10/24 17:46:29
833	1	2	 1	6	2018/10/24 17:47:26
834	1	51	 1	6	2018/10/24 17:48:49
835	1	9	 1	6	2018/10/24 17:52:19
836	1	35	 1	6	2018/10/24 17:57:06
837	1	39	 1	6	2018/10/24 17:57:22
838	1	49	 1	6	2018/10/24 18:00:17
839	1	12	 1	6	2018/10/24 18:18:05
840	1	6	 1	6	2018/10/25 07:22:19
841	1	7	 1	6	2018/10/25 07:23:54
842	1	38	 1	6	2018/10/25 07:32:22
843	1	2	 1	6	2018/10/25 07:39:47
844	1	35	 1	6	2018/10/25 07:41:48
845	1	23	 1	6	2018/10/25 07:43:20
846	1	39	 1	6	2018/10/25 07:49:19
847	1	30	 1	6	2018/10/25 07:53:15
848	1	12	 1	6	2018/10/25 07:54:41
849	1	55	 1	6	2018/10/25 07:55:21
850	1	17	 1	6	2018/10/25 08:00:17
851	1	4	 1	6	2018/10/25 08:02:30
852	1	20	 1	6	2018/10/25 08:03:34
853	1	49	 1	6	2018/10/25 08:04:15
854	1	22	 1	6	2018/10/25 08:06:03
855	1	51	 1	6	2018/10/25 08:08:43
856	1	41	 1	6	2018/10/25 08:20:10
857	1	19	 1	6	2018/10/25 08:22:46
858	1	13	 1	6	2018/10/25 08:24:04
859	1	28	 1	6	2018/10/25 08:31:04
860	1	31	 1	6	2018/10/25 08:31:55
861	1	34	 1	6	2018/10/25 08:32:03
862	1	27	 1	6	2018/10/25 08:34:30
863	1	25	 1	6	2018/10/25 08:38:27
864	1	14	 1	6	2018/10/25 08:52:49
865	1	33	 1	6	2018/10/25 08:56:08
866	1	29	 1	6	2018/10/25 08:57:52
867	1	36	 1	6	2018/10/25 08:58:28
868	1	18	 1	6	2018/10/25 08:59:06
869	1	24	 1	6	2018/10/25 08:59:46
870	1	26	 1	6	2018/10/25 09:02:57
871	1	21	 1	6	2018/10/25 09:06:31
872	1	37	 1	6	2018/10/25 09:13:18
873	1	16	 1	6	2018/10/25 09:13:54
874	1	40	 1	6	2018/10/25 09:15:43
875	1	53	 1	6	2018/10/25 09:31:01
876	1	43	 1	6	2018/10/25 09:33:51
877	1	10	 1	6	2018/10/25 09:49:38
878	1	4	 1	6	2018/10/25 09:59:29
879	1	2	 1	0	2018/10/25 13:06:52
880	1	10	 1	0	2018/10/25 13:26:43
881	1	17	 1	0	2018/10/25 16:02:41
882	1	31	 1	0	2018/10/25 16:17:53
883	1	2	 1	0	2018/10/25 16:22:04
884	1	26	 1	0	2018/10/25 16:34:22
885	1	53	 1	0	2018/10/25 16:41:53
886	1	20	 1	0	2018/10/25 16:43:07
887	1	21	 1	6	2018/10/25 16:47:44
888	1	43	 1	6	2018/10/25 16:50:27
889	1	16	 1	6	2018/10/25 16:51:04
890	1	41	 1	6	2018/10/25 16:58:56
891	1	40	 1	6	2018/10/25 16:59:35
892	1	33	 1	6	2018/10/25 17:02:55
893	1	37	 1	6	2018/10/25 17:04:05
894	1	55	 1	6	2018/10/25 17:04:15
895	1	36	 1	6	2018/10/25 17:04:58
896	1	24	 1	6	2018/10/25 17:05:07
897	1	49	 1	6	2018/10/25 17:11:37
898	1	18	 1	6	2018/10/25 17:12:46
899	1	22	 1	6	2018/10/25 17:19:04
900	1	23	 1	6	2018/10/25 17:26:14
901	1	29	 1	6	2018/10/25 17:26:28
902	1	51	 1	6	2018/10/25 17:31:59
903	1	12	 1	6	2018/10/25 17:49:32
904	1	39	 1	6	2018/10/25 17:54:43
905	1	7	 1	6	2018/10/25 17:55:45
906	1	30	 1	0	2018/10/25 17:56:50
907	1	35	 1	0	2018/10/25 17:58:14
908	1	6	 1	0	2018/10/25 17:58:29
909	1	2	 1	0	2018/10/25 18:00:25
910	1	7	 1	0	2018/10/26 07:16:20
911	1	6	 1	0	2018/10/26 07:21:56
912	1	23	 1	0	2018/10/26 07:43:12
913	1	35	 1	0	2018/10/26 07:44:05
914	1	39	 1	0	2018/10/26 07:46:55
915	1	2	 1	0	2018/10/26 07:49:43
916	1	49	 1	0	2018/10/26 07:59:44
917	1	55	 1	0	2018/10/26 08:01:03
918	1	12	 1	0	2018/10/26 08:03:55
919	1	20	 1	0	2018/10/26 08:08:21
920	1	17	 1	0	2018/10/26 08:08:42
921	1	51	 1	0	2018/10/26 08:11:08
922	1	34	 1	0	2018/10/26 08:12:16
923	1	28	 1	6	2018/10/26 08:19:42
924	1	22	 1	6	2018/10/26 08:20:35
925	1	41	 1	6	2018/10/26 08:25:34
926	1	19	 1	6	2018/10/26 08:26:45
927	1	36	 1	6	2018/10/26 08:26:51
928	1	24	 1	6	2018/10/26 08:27:25
929	1	22	 1	6	2018/10/26 08:27:34
930	1	34	 1	6	2018/10/26 08:27:44
931	1	25	 1	6	2018/10/26 08:29:34
932	1	16	 1	6	2018/10/26 08:34:33
933	1	31	 1	6	2018/10/26 08:34:58
934	1	30	 1	6	2018/10/26 08:42:12
935	1	33	 1	6	2018/10/26 08:47:37
936	1	27	 1	6	2018/10/26 08:48:46
937	1	13	 1	6	2018/10/26 08:51:00
938	1	52	 1	6	2018/10/26 08:51:03
939	1	26	 1	6	2018/10/26 08:55:15
940	1	15	 1	6	2018/10/26 08:59:28
941	1	29	 1	6	2018/10/26 09:02:16
942	1	14	 1	6	2018/10/26 09:02:41
943	1	18	 1	6	2018/10/26 09:06:53
944	1	53	 1	6	2018/10/26 09:08:33
945	1	21	 1	6	2018/10/26 09:10:16
946	1	43	 1	6	2018/10/26 09:21:34
947	1	37	 1	6	2018/10/26 09:46:04
948	1	38	 1	6	2018/10/26 12:14:03
949	1	23	 1	6	2018/10/26 15:46:26
950	1	31	 1	6	2018/10/26 16:12:17
951	1	33	 1	6	2018/10/26 16:17:22
952	1	20	 1	6	2018/10/26 16:21:12
953	1	17	 1	6	2018/10/26 16:28:40
954	1	7	 1	6	2018/10/26 16:32:18
955	1	16	 1	6	2018/10/26 16:33:19
956	1	15	 1	6	2018/10/26 16:47:15
957	1	26	 1	6	2018/10/26 16:47:29
958	1	21	 1	6	2018/10/26 16:51:57
959	1	53	 1	6	2018/10/26 16:55:12
960	1	30	 1	6	2018/10/26 16:58:18
961	1	52	 1	6	2018/10/26 16:59:02
962	1	13	 1	6	2018/10/26 16:59:07
963	1	29	 1	6	2018/10/26 16:59:28
964	1	43	 1	6	2018/10/26 17:01:19
965	1	55	 1	6	2018/10/26 17:02:18
966	1	37	 1	6	2018/10/26 17:08:48
967	1	43	 1	6	2018/10/26 17:10:11
968	1	30	 1	6	2018/10/26 17:11:28
969	1	22	 1	6	2018/10/26 17:18:32
970	1	51	 1	0	2018/10/26 17:21:01
971	1	39	 1	6	2018/10/26 17:22:12
972	1	18	 1	6	2018/10/26 17:28:10
973	1	34	 1	6	2018/10/26 17:40:58
974	1	35	 1	6	2018/10/26 17:59:49
975	1	49	 1	6	2018/10/26 18:02:21
976	1	6	 1	6	2018/10/26 18:08:59
977	1	2	 1	6	2018/10/26 18:17:31
978	1	3	 1	6	2018/10/26 18:21:04
979	1	12	 1	6	2018/10/26 18:21:11
980	1	10	 1	6	2018/10/27 08:21:19
981	1	2	 1	6	2018/10/27 08:26:11
982	1	10	 1	6	2018/10/27 16:31:37
983	1	10	 1	6	2018/10/28 08:36:48
984	1	12	 1	6	2018/10/28 09:05:17
985	1	10	 1	6	2018/10/28 16:13:37
986	1	12	 1	6	2018/10/28 16:32:31
987	1	7	 1	6	2018/10/29 07:25:17
988	1	2	 1	6	2018/10/29 07:34:33
989	1	38	 1	6	2018/10/29 07:34:54
990	1	22	 1	6	2018/10/29 07:41:21
991	1	39	 1	6	2018/10/29 07:46:48
992	1	6	 1	6	2018/10/29 07:49:17
993	1	23	 1	6	2018/10/29 07:53:41
994	1	55	 1	6	2018/10/29 08:02:06
995	1	17	 1	6	2018/10/29 08:03:16
996	1	12	 1	6	2018/10/29 08:05:04
997	1	51	 1	6	2018/10/29 08:11:14
998	1	49	 1	6	2018/10/29 08:14:02
999	1	28	 1	6	2018/10/29 08:14:37
1000	1	20	 1	6	2018/10/29 08:15:31
1001	1	34	 1	6	2018/10/29 08:24:02
1002	1	13	 1	6	2018/10/29 08:25:23
1003	1	52	 1	6	2018/10/29 08:26:50
1004	1	30	 1	6	2018/10/29 08:31:44
1005	1	43	 1	6	2018/10/29 08:32:04
1006	1	27	 1	6	2018/10/29 08:38:44
1007	1	19	 1	6	2018/10/29 08:45:53
1008	1	41	 1	6	2018/10/29 08:46:51
1009	1	14	 1	6	2018/10/29 08:49:23
1010	1	25	 1	6	2018/10/29 08:52:16
1011	1	16	 1	6	2018/10/29 08:57:15
1012	1	36	 1	6	2018/10/29 08:58:22
1013	1	24	 1	6	2018/10/29 08:58:37
1014	1	26	 1	6	2018/10/29 08:59:01
1015	1	53	 1	6	2018/10/29 09:07:16
1016	1	37	 1	6	2018/10/29 09:10:06
1017	1	21	 1	6	2018/10/29 09:10:31
1018	1	15	 1	6	2018/10/29 09:26:22
1019	1	29	 1	6	2018/10/29 09:28:12
1020	1	40	 1	6	2018/10/29 09:37:07
1021	1	18	 1	6	2018/10/29 09:43:23
1022	1	10	 1	6	2018/10/29 09:54:33
1023	1	9	 1	6	2018/10/29 11:23:55
1024	1	7	 1	6	2018/10/29 12:14:03
1025	1	10	 1	6	2018/10/29 13:03:12
1026	1	4	 1	6	2018/10/29 14:16:47
1027	1	38	 1	0	2018/10/29 14:51:39
1028	1	17	 1	0	2018/10/29 15:55:25
1029	1	43	 1	0	2018/10/29 16:10:03
1030	1	20	 1	0	2018/10/29 16:16:19
1031	1	13	 1	0	2018/10/29 16:26:12
1032	1	52	 1	0	2018/10/29 16:26:14
1033	1	26	 1	0	2018/10/29 16:31:43
1034	1	30	 1	0	2018/10/29 16:32:13
1035	1	21	 1	0	2018/10/29 16:46:44
1036	1	55	 1	0	2018/10/29 16:48:56
1037	1	15	 1	0	2018/10/29 16:49:43
1038	1	4	 1	0	2018/10/29 16:50:34
1039	1	16	 1	0	2018/10/29 16:51:32
1040	1	40	 1	0	2018/10/29 16:52:52
1041	1	53	 1	0	2018/10/29 16:55:45
1042	1	18	 1	0	2018/10/29 16:59:53
1043	1	14	 1	0	2018/10/29 17:02:50
1044	1	37	 1	0	2018/10/29 17:11:20
1045	1	19	 1	0	2018/10/29 17:14:29
1046	1	22	 1	0	2018/10/29 17:18:38
1047	1	24	 1	0	2018/10/29 17:29:17
1048	1	36	 1	0	2018/10/29 17:29:30
1049	1	23	 1	0	2018/10/29 17:30:57
1050	1	34	 1	0	2018/10/29 17:33:42
1051	1	35	 1	0	2018/10/29 17:35:21
1052	1	29	 1	0	2018/10/29 17:40:46
1053	1	39	 1	0	2018/10/29 17:49:09
1054	1	36	 1	0	2018/10/29 17:50:03
1055	1	51	 1	0	2018/10/29 18:00:35
1056	1	2	 1	0	2018/10/29 18:01:56
1057	1	6	 1	0	2018/10/29 18:02:50
1058	1	9	 1	0	2018/10/29 18:10:25
1059	1	49	 1	0	2018/10/29 18:11:14
1060	1	12	 1	0	2018/10/29 18:14:12
1061	1	7	 1	0	2018/10/30 07:26:12
1062	1	38	 1	0	2018/10/30 07:28:02
1063	1	2	 1	0	2018/10/30 07:39:44
1064	1	6	 1	0	2018/10/30 07:44:20
1065	1	23	 1	0	2018/10/30 07:45:56
1066	1	39	 1	0	2018/10/30 07:59:01
1067	1	35	 1	0	2018/10/30 08:00:48
1068	1	17	 1	0	2018/10/30 08:03:18
1069	1	4	 1	0	2018/10/30 08:04:30
1070	1	12	 1	0	2018/10/30 08:06:06
1071	1	22	 1	0	2018/10/30 08:09:52
1072	1	51	 1	0	2018/10/30 08:13:10
1073	1	20	 1	0	2018/10/30 08:14:09
1074	1	52	 1	0	2018/10/30 08:15:41
1075	1	13	 1	0	2018/10/30 08:15:43
1076	1	55	 1	0	2018/10/30 08:16:52
1077	1	30	 1	0	2018/10/30 08:17:49
1078	1	18	 1	0	2018/10/30 08:23:07
1079	1	14	 1	0	2018/10/30 08:35:40
1080	1	28	 1	0	2018/10/30 08:37:44
1081	1	36	 1	0	2018/10/30 08:49:32
1082	1	24	 1	6	2018/10/30 08:50:20
1083	1	27	 1	6	2018/10/30 08:54:21
1084	1	21	 1	6	2018/10/30 08:55:15
1085	1	25	 1	6	2018/10/30 08:59:32
1086	1	41	 1	6	2018/10/30 09:03:48
1087	1	33	 1	6	2018/10/30 09:04:42
1088	1	53	 1	6	2018/10/30 09:09:39
1089	1	16	 1	6	2018/10/30 09:11:10
1090	1	26	 1	6	2018/10/30 09:11:37
1091	1	40	 1	6	2018/10/30 09:22:07
1092	1	15	 1	6	2018/10/30 09:26:05
1093	1	37	 1	6	2018/10/30 09:34:37
1094	1	29	 1	6	2018/10/30 09:35:31
1095	1	43	 1	6	2018/10/30 09:49:40
1096	1	10	 1	6	2018/10/30 09:50:45
1097	1	34	 1	6	2018/10/30 09:58:21
1098	1	4	 1	6	2018/10/30 10:08:47
1099	1	9	 1	6	2018/10/30 11:05:03
1100	1	7	 1	6	2018/10/30 12:10:30
1101	1	28	 1	6	2018/10/30 12:41:42
1102	1	10	 1	6	2018/10/30 13:08:00
1103	1	19	 1	6	2018/10/30 16:11:18
1104	1	41	 1	6	2018/10/30 16:11:28
1105	1	20	 1	6	2018/10/30 16:17:28
1106	1	40	 1	6	2018/10/30 16:24:58
1107	1	17	 1	6	2018/10/30 16:26:48
1108	1	38	 1	6	2018/10/30 16:35:08
1109	1	16	 1	6	2018/10/30 16:38:15
1110	1	21	 1	6	2018/10/30 16:38:28
1111	1	37	 1	6	2018/10/30 16:40:24
1112	1	26	 1	6	2018/10/30 16:44:29
1113	1	55	 1	6	2018/10/30 16:45:39
1114	1	15	 1	6	2018/10/30 16:48:24
1115	1	53	 1	6	2018/10/30 16:57:21
1116	1	33	 1	6	2018/10/30 16:58:00
1117	1	52	 1	6	2018/10/30 17:00:31
1118	1	13	 1	6	2018/10/30 17:00:33
1119	1	30	 1	6	2018/10/30 17:07:06
1120	1	34	 1	6	2018/10/30 17:15:17
1121	1	22	 1	6	2018/10/30 17:19:22
1122	1	18	 1	6	2018/10/30 17:21:23
1123	1	23	 1	6	2018/10/30 17:26:33
1124	1	51	 1	6	2018/10/30 17:29:11
1125	1	29	 1	6	2018/10/30 17:31:20
1126	1	35	 1	6	2018/10/30 17:32:43
1127	1	18	 1	6	2018/10/30 17:33:15
1128	1	51	 1	6	2018/10/30 17:38:02
1129	1	2	 1	6	2018/10/30 17:54:41
1130	1	39	 1	6	2018/10/30 17:56:14
1131	1	9	 1	6	2018/10/30 18:03:39
1132	1	12	 1	6	2018/10/30 18:12:10
1133	1	49	 1	6	2018/10/30 18:18:00
1134	1	6	 1	6	2018/10/30 18:22:36
1135	1	7	 1	6	2018/10/31 07:24:38
1136	1	35	 1	6	2018/10/31 07:29:45
1137	1	2	 1	6	2018/10/31 07:42:14
1138	1	39	 1	6	2018/10/31 07:45:33
1139	1	38	 1	6	2018/10/31 07:45:39
1140	1	23	 1	6	2018/10/31 07:48:13
1141	1	6	 1	6	2018/10/31 07:49:14
1142	1	55	 1	6	2018/10/31 07:57:01
1143	1	12	 1	6	2018/10/31 07:58:22
1144	1	17	 1	6	2018/10/31 08:00:59
1145	1	32	 1	6	2018/10/31 08:04:46
1146	1	51	 1	6	2018/10/31 08:09:27
1147	1	28	 1	6	2018/10/31 08:10:07
1148	1	22	 1	6	2018/10/31 08:10:39
1149	1	20	 1	6	2018/10/31 08:12:15
1150	1	49	 1	6	2018/10/31 08:12:56
1151	1	18	 1	6	2018/10/31 08:15:27
1152	1	34	 1	6	2018/10/31 08:20:20
1153	1	29	 1	6	2018/10/31 08:22:34
1154	1	30	 1	6	2018/10/31 08:25:46
1155	1	21	 1	6	2018/10/31 08:28:46
1156	1	52	 1	6	2018/10/31 08:34:10
1157	1	14	 1	6	2018/10/31 08:43:04
1158	1	19	 1	6	2018/10/31 08:43:42
1159	1	27	 1	6	2018/10/31 08:45:02
1160	1	41	 1	6	2018/10/31 08:45:52
1161	1	26	 1	6	2018/10/31 08:47:37
1162	1	25	 1	6	2018/10/31 08:50:08
1163	1	36	 1	6	2018/10/31 08:51:28
1164	1	24	 1	6	2018/10/31 08:52:39
1165	1	40	 1	6	2018/10/31 08:54:51
1166	1	33	 1	6	2018/10/31 09:01:41
1167	1	53	 1	6	2018/10/31 09:13:16
1168	1	16	 1	6	2018/10/31 09:14:10
1169	1	15	 1	6	2018/10/31 09:21:08
1170	1	37	 1	6	2018/10/31 09:21:46
1171	1	10	 1	6	2018/10/31 10:00:39
1172	1	9	 1	6	2018/10/31 11:19:56
1173	1	38	 1	6	2018/10/31 12:06:50
1174	1	7	 1	6	2018/10/31 12:10:10
1175	1	10	 1	6	2018/10/31 13:29:02
1176	1	4	 1	6	2018/10/31 14:16:23
1177	1	2	 1	6	2018/10/31 15:45:12
1178	1	20	 1	6	2018/10/31 16:16:08
1179	1	17	 1	6	2018/10/31 16:19:45
1180	1	2	 1	6	2018/10/31 16:22:18
1181	1	16	 1	6	2018/10/31 16:37:58
1182	1	4	 1	6	2018/10/31 16:40:24
1183	1	53	 1	6	2018/10/31 16:40:46
1184	1	26	 1	6	2018/10/31 16:43:56
1185	1	15	 1	6	2018/10/31 16:48:29
1186	1	21	 1	6	2018/10/31 16:50:05
1187	1	34	 1	6	2018/10/31 16:54:11
1188	1	33	 1	6	2018/10/31 16:55:52
1189	1	55	 1	6	2018/10/31 16:58:46
1190	1	37	 1	6	2018/10/31 16:59:47
1191	1	40	 1	6	2018/10/31 17:00:57
1192	1	17	 1	6	2018/10/31 17:05:54
1193	1	18	 1	6	2018/10/31 17:12:01
1194	1	41	 1	6	2018/10/31 17:12:33
1195	1	19	 1	6	2018/10/31 17:12:42
1196	1	30	 1	6	2018/10/31 17:23:44
1197	1	35	 1	6	2018/10/31 17:25:33
1198	1	29	 1	6	2018/10/31 17:30:07
1199	1	23	 1	6	2018/10/31 17:31:05
1200	1	13	 1	6	2018/10/31 17:31:21
1201	1	52	 1	6	2018/10/31 17:31:29
1202	1	22	 1	6	2018/10/31 17:37:23
1203	1	39	 1	6	2018/10/31 17:41:42
1204	1	51	 1	6	2018/10/31 17:49:59
1205	1	36	 1	6	2018/10/31 17:53:07
1206	1	24	 1	6	2018/10/31 17:53:59
1207	1	12	 1	6	2018/10/31 17:58:05
1208	1	6	 1	6	2018/10/31 17:58:07
1209	1	2	 1	6	2018/10/31 18:01:37
1210	1	9	 1	6	2018/10/31 18:07:10
1211	1	49	 1	6	2018/10/31 18:07:17
1212	1	7	 1	6	2018/11/01 07:19:28
1213	1	2	 1	6	2018/11/01 07:35:52
1214	1	35	 1	6	2018/11/01 07:37:40
1215	1	6	 1	6	2018/11/01 07:44:28
1216	1	38	 1	6	2018/11/01 07:46:59
1217	1	12	 1	6	2018/11/01 07:53:02
1218	1	23	 1	6	2018/11/01 07:53:21
1219	1	39	 1	6	2018/11/01 07:58:43
1220	1	4	 1	6	2018/11/01 08:03:44
1221	1	55	 1	6	2018/11/01 08:04:01
1222	1	49	 1	6	2018/11/01 08:08:01
1223	1	22	 1	6	2018/11/01 08:08:16
1224	1	51	 1	6	2018/11/01 08:10:41
1225	1	20	 1	6	2018/11/01 08:11:13
1226	1	18	 1	6	2018/11/01 08:12:24
1227	1	17	 1	6	2018/11/01 08:12:50
1228	1	13	 1	6	2018/11/01 08:18:52
1229	1	21	 1	6	2018/11/01 08:21:10
1230	1	13	 1	6	2018/11/01 08:33:33
1231	1	34	 1	6	2018/11/01 08:34:14
1232	1	30	 1	6	2018/11/01 08:37:07
1233	1	28	 1	6	2018/11/01 08:47:44
1234	1	27	 1	6	2018/11/01 08:52:15
1235	1	25	 1	6	2018/11/01 09:00:02
1236	1	26	 1	6	2018/11/01 09:02:40
1237	1	29	 1	6	2018/11/01 09:03:27
1238	1	15	 1	6	2018/11/01 09:03:56
1239	1	31	 1	6	2018/11/01 09:05:29
1240	1	33	 1	6	2018/11/01 09:08:04
1241	1	36	 1	6	2018/11/01 09:10:18
1242	1	24	 1	6	2018/11/01 09:10:34
1243	1	53	 1	6	2018/11/01 09:26:37
1244	1	40	 1	6	2018/11/01 09:27:00
1245	1	16	 1	6	2018/11/01 09:31:06
1246	1	4	 1	6	2018/11/01 09:56:36
1247	1	10	 1	6	2018/11/01 10:02:51
1248	1	2	 1	6	2018/11/01 13:08:58
1249	1	2	 1	0	2018/11/01 16:14:20
1250	1	52	 1	0	2018/11/01 16:16:00
1251	1	13	 1	0	2018/11/01 16:16:04
1252	1	31	 1	0	2018/11/01 16:29:18
1253	1	17	 1	0	2018/11/01 16:29:34
1254	1	26	 1	0	2018/11/01 16:38:34
1255	1	21	 1	0	2018/11/01 16:43:15
1256	1	16	 1	0	2018/11/01 16:44:08
1257	1	20	 1	0	2018/11/01 16:45:23
1258	1	15	 1	0	2018/11/01 16:50:50
1259	1	10	 1	0	2018/11/01 16:56:07
1260	1	33	 1	0	2018/11/01 16:58:21
1261	1	40	 1	0	2018/11/01 16:58:43
1262	1	53	 1	0	2018/11/01 17:05:00
1263	1	30	 1	0	2018/11/01 17:11:19
1264	1	55	 1	0	2018/11/01 17:11:55
1265	1	49	 1	0	2018/11/01 17:20:26
1266	1	34	 1	0	2018/11/01 17:24:04
1267	1	18	 1	0	2018/11/01 17:24:48
1268	1	51	 1	0	2018/11/01 17:26:24
1269	1	23	 1	0	2018/11/01 17:26:33
1270	1	22	 1	0	2018/11/01 17:32:57
1271	1	51	 1	0	2018/11/01 17:33:40
1272	1	35	 1	0	2018/11/01 17:37:54
1273	1	39	 1	0	2018/11/01 17:38:13
1274	1	29	 1	0	2018/11/01 17:39:39
1275	1	6	 1	0	2018/11/01 17:58:14
1276	1	7	 1	0	2018/11/01 18:09:01
1277	1	2	 1	0	2018/11/01 18:09:30
1278	1	12	 1	0	2018/11/01 18:10:29
1279	1	9	 1	0	2018/11/02 07:19:29
1280	1	38	 1	0	2018/11/02 07:37:21
1281	1	35	 1	0	2018/11/02 07:39:15
1282	1	17	 1	0	2018/11/02 07:40:33
1283	1	23	 1	0	2018/11/02 07:44:21
1284	1	2	 1	0	2018/11/02 07:45:21
1285	1	6	 1	0	2018/11/02 07:47:57
1286	1	39	 1	0	2018/11/02 07:51:14
1287	1	12	 1	0	2018/11/02 07:51:52
1288	1	17	 1	0	2018/11/02 07:57:41
1289	1	55	 1	0	2018/11/02 08:01:42
1290	1	49	 1	0	2018/11/02 08:05:57
1291	1	51	 1	0	2018/11/02 08:13:32
1292	1	20	 1	0	2018/11/02 08:15:18
1293	1	45	 1	0	2018/11/02 08:16:32
1294	1	18	 1	0	2018/11/02 08:17:19
1295	1	30	 1	0	2018/11/02 08:20:49
1296	1	28	 1	0	2018/11/02 08:23:00
1297	1	41	 1	0	2018/11/02 08:23:52
1298	1	22	 1	0	2018/11/02 08:23:55
1299	1	19	 1	0	2018/11/02 08:24:18
1300	1	21	 1	0	2018/11/02 08:26:18
1301	1	13	 1	0	2018/11/02 08:27:14
1302	1	52	 1	0	2018/11/02 08:28:59
1303	1	24	 1	0	2018/11/02 08:32:21
1304	1	36	 1	0	2018/11/02 08:33:41
1305	1	33	 1	0	2018/11/02 08:34:03
1306	1	10	 1	0	2018/11/02 08:37:08
1307	1	27	 1	0	2018/11/02 08:39:51
1308	1	16	 1	0	2018/11/02 08:46:59
1309	1	34	 1	0	2018/11/02 08:49:35
1310	1	15	 1	0	2018/11/02 08:50:01
1311	1	25	 1	0	2018/11/02 08:52:04
1312	1	31	 1	0	2018/11/02 08:53:46
1313	1	40	 1	0	2018/11/02 09:00:06
1314	1	53	 1	0	2018/11/02 09:16:31
